62464 144800
86017 19200
37891 18300
65543 21900
44038 16000
14348 0
90127 10000
28686 17600
48143 97200
43023 76800
55311 56000
29714 0
59411 144000
75797 20200
94228 96000
82966 58400
90136 171600
48154 29900
60444 0
34846 91800
55328 0
42017 27700
73760 130800
33826 156800
79906 12300
90151 28500
77863 147200
87083 147600
42027 18000
92210 15200
77877 38400
12345 107200
64569 0
30777 19500
19516 28800
77884 124000
96321 25200
26690 45000
73799 212000
97353 188800
67657 16000
60493 12100
25677 103800
30798 18500
21582 21800
17487 119400
90193 154200
74835 131200
57428 57600
37973 127200
55384 126400
54361 156800
50266 27900
79963 70400
69728 52200
18529 216800
74853 384000
45156 28200
57449 15800
39022 13300
48240 60000
58481 118200
96368 10900
66676 21400
41078 48000
73850 204000
60544 96000
54400 95400
35968 48000
82049 48000
26753 23100
19586 79800
71812 22700
84103 33600
11401 16800
33929 96000
61579 26500
50317 123200
26766 31200
53390 0
30863 10000
48271 12300
87182 13100
80018 147200
34964 36800
10388 22000
64661 47400
40085 0
12438 147000
94360 16300
91293 176400
61596 26600
93340 134400
16549 0
23717 10600
63654 222400
97446 0
56492 10000
85165 24000
62636 36800
30893 48000
43181 117600
31918 70400
73907 14500
79028 21300
65718 43200
98489 84000
27836 60000
73916 98400
12479 27800
66750 64000
91330 25200
29892 47400
90309 20000
56516 16500
15558 97200
45255 72000
97489 91800
29904 0
66772 127200
66775 81600
68826 23400
25820 78400
55517 102000
81116 12700
52447 0
12515 14100
26853 49600
33003 48000
42220 0
53486 132800
97519 0
49395 28400
61685 21000
90356 80000
56569 70400
85243 0
31996 21600
26878 72000
59646 26000
10495 72000
75008 174000
76032 12000
43266 20900
54530 233300
84226 214400
20743 0
33032 214200
51465 89600
47371 72000
29963 15600
10507 126000
32014 82400
47376 0
68881 23300
64784 16000
63761 70400
93456 13700
76050 79200
21781 160200
55574 31200
36122 161400
63774 204000
39200 102400
61735 162400
96552 28800
34093 12000
62766 70400
18736 96000
73011 70400
80181 14700
88380 19200
76092 140000
21824 238400
27972 60000
81223 11200
65864 24900
26955 40000
31058 28200
45394 16000
46422 22200
53590 26200
13656 24200
79197 27400
84317 14800
88414 29900
57698 36000
39267 87600
87398 68400
22887 72000
69990 60000
86379 0
25964 107400
86387 45600
42357 212800
60792 213600
15737 60000
52604 240000
76160 19500
86409 238400
73098 11600
18836 0
24980 217600
34197 27300
60822 249100
59801 563200
18842 51600
11674 70400
62874 70400
95645 0
74143 100000
79263 15500
64927 10000
53663 48800
93601 150600
83360 15400
55715 20900
97701 21000
41384 210400
21929 100800
41386 0
38317 78000
61870 44400
42423 168800
34233 130200
97723 150400
16830 48000
90558 22400
90561 16800
46529 70400
69059 27100
75202 102000
83397 11100
63943 132800
85448 70800
46543 13400
98769 72000
99795 0
13779 0
53715 0
56788 102600
43476 20400
33238 89600
38358 22700
40406 48000
18903 193600
51673 18900
91608 64000
52699 18900
23008 10000
84449 64000
69089 131400
62945 25300
23010 48000
93666 120600
51683 101600
83426 109200
61923 96600
81381 17900
98791 113400
93671 96000
95718 96000
65000 61600
49645 0
72172 168800
41456 24600
77296 116000
49650 70400
57843 162400
67060 0
69117 94800
67071 0
79359 17800
31231 128800
92673 161600
54785 14000
35330 126400
18949 20500
71181 26400
40461 18900
84496 0
88594 169200
66069 97800
36372 126400
97812 67200
29207 28700
46616 81600
48665 48000
34335 20000
11808 196000
20000 20900
84515 0
37411 46200
87586 149400
51751 69600
80427 87600
51755 148800
71212 20900
15918 20500
78384 64800
60981 10000
81463 72800
63031 177000
53817 0
22075 0
60989 25100
59966 29700
50751 72000
33347 0
58947 165000
24131 239200
55875 29000
82501 0
61002 640000
75338 231200
39499 125400
21073 60000
95826 10000
44627 15100
33366 18000
72278 20200
24151 16100
10843 11600
49755 185600
65118 260600
29279 70400
96867 16100
15974 154400
37480 1153600
12905 54400
74346 29700
42603 288000
49774 35200
90734 60000
21105 10200
53875 23200
72311 149600
42616 32400
38522 18000
13949 72000
21119 23400
65151 48000
12928 26000
47751 0
40585 17800
93834 104000
99986 151800
49812 15400
90775 68400
38551 15400
58014 374400
45731 25900
20137 15700
74410 35400
58029 0
97969 0
76469 48000
10934 14400
86719 17300
23231 10000
27329 187200
93891 0
12995 28200
35523 132800
26308 218400
41668 18000
82629 144800
22213 19000
10950 167400
97993 0
58059 57600
72401 31800
10962 12000
59091 43800
53972 144000
39637 39200
76500 15100
18134 0
95959 48000
48855 15200
52953 52800
21210 27700
31451 20900
69341 124800
46812 139800
90844 96000
88798 37200
25314 0
44774 97800
92905 181600
44777 15500
10988 16000
73457 19100
63220 17200
15095 88000
18167 140800
29437 171200
33534 81600
21252 64000
66309 164400
18184 106200
77577 16600
68361 21900
51977 11000
28430 28100
25359 0
25360 94400
68371 24200
47897 79800
26395 122400
97052 74400
82727 28800
66343 141000
85799 174400
58151 150600
30504 111600
38696 0
41770 12700
68396 150600
29487 68000
22336 60000
38722 14700
91970 43200
17219 137400
86861 225600
44878 21700
39761 142400
68434 174400
48979 216000
34645 52800
42837 22600
50005 70400
59222 24900
98137 11200
81752 0
82776 12000
35678 43200
96094 18100
42848 72000
11105 53400
53090 0
54115 16900
63332 0
86885 181600
57189 64000
34662 10900
85862 104800
77670 20700
75622 26700
61287 95400
80744 47400
19310 25900
24431 12000
74609 178400
94067 28600
29556 13900
68468 18800
67446 65600
91002 212000
47997 134400
40830 61600
54143 103200
50050 87000
44931 21700
38792 72000
16264 0
23434 72000
44938 19700
19339 27300
61324 91800
11149 113400
71567 36800
65422 145200
52112 27400
58259 130800
98196 18800
78743 13500
95126 37600
54168 192000
78747 76000
90011 219200
93085 36000
90017 0
76707 64000
82851 48000
56227 28100
57251 70400
41894 11200
24487 233600
21415 111000
14248 166400
70573 0
66477 12100
44978 68800
96179 11900
47026 63000
15284 10400
95158 17500
33724 0
71612 60000
24510 43200
56255 11100
54208 222400
83904 196000
67529 123200
17355 17800
47057 96000
73683 10000
75738 14200
87011 114400
33764 105000
89060 28200
48105 23600
23530 111600
22510 13700
46063 133200
29682 13100
80884 13500
66550 14700
